1 48.8 31.7 3.8 6.4 9.3
2 48.2 23.8 9.0 9.2 9.8
3 37.0 9.1 34.2 9.5 10.2
4 50.9 23.8 7.2 10.1 8.0
5 44.2 38.3 2.9 7.7 6.9
6 52.3 26.2 4.2 12.5 4.8
7 44.6 33.0 4.6 12.2 5.6
8 34.6 5.2 42.9 9.6 7.7
9 41.2 11.7 26.7 9.6 10.8
10 42.6 46.6 0.7 5.6 4.5
11 49.9 19.5 11.4 9.5 9.7
12 45.2 37.3 2.7 5.5 9.3
13 32.7 8.5 38.9 8.0 11.9
14 41.4 12.9 23.4 15.8 6.5
15 46.2 17.5 15.8 8.3 12.2
16 32.3 7.3 40.9 12.9 6.6
17 43.2 44.3 1.0 7.8 3.7
18 49.5 32.3 3.1 8.7 6.3
19 42.3 15.8 20.4 8.3 13.2
20 44.6 11.5 23.8 11.6 8.5
21 45.8 16.6 16.8 12.0 8.8
22 49.9 25.0 6.8 10.9 7.4
23 48.6 34.0 2.5 9.4 5.5
24 45.5 16.6 17.6 9.6 10.7
25 45.9 24.9 9.7 9.8 9.7
